4
100
50 50
199
60 40
771
33 17
99
123 84



1
8 2307 3046 5354 4406 
609 7149 4987 3525 

1542 
8075 6384 8426 8770 2934 9625 2974 5115 6240 
6216 7770 2300 9079 6631 2482 6247 259 55 2824 
6407 3803 4769 8713 3201 6474 3119 3809 9975 
4457 3686 1516 2531 6421 6293 1300


1
5 9 3 5 2 6

2
5 9 3 5 2 6
1 2




2 2 2 20
8 6 5 30
97 56 3 10
56 3 1 5
85 26 19 10
59 17 13 11
97 73 23 17

2 2 2 20
0 0 0 0

56 3 1 5
0 0 0 0

85 26 19 10
0 0 0 0

8 6 5 30
0 0 0 0

10 2 1 50
0 0 0 0

50 5 3 14
0 0 0 0

6 3 1 10
0 0 0 0

59 17 13 11
0 0 0 0










